100
100
100
100
100
100
100
100
100
100
100
100
99
99
99
98
98
97
97
96
95
94
93
91
90
88
86
84
82
79
76
73
69
65
61
57
52
47
42
37
31
25
18
12
5
-2
-9
-16
-24
-31
-38
-46
-53
-59
-66
-72
-78
-83
-88
-92
-95
-97
-99
-100
-99
-98
-96
-92
-88
-82
-76
-68
-59
-50
-39
-29
-17
-5
7
19
31
43
54
64
74
82
89
94
98
99
99
97
93
87
78
68
57
44
30
15
-1
-16
-32
-47
-60
-72
-83
-91
-96
-99
-99
-96
-90
-81
-70
-56
-40
-23
-5
14
32
49
64
78
88
95
99
99
94
86
75
60
42
23
2
-19
-39
-57
-73
-86
-95
-99
-98
-92
-82
-67
-49
-28
-6
17
39
60
76
89
97
99
95
85
70
51
29
4
-21
-44
-65
-82
-93
-98
-97
-88
-73
-53
-29
-3
23
48
70
86
96
98
93
80
60
36
8
-20
-47
-70
-87
-96
-98
-90
-75
-52
-25
5
34
61
81
94
98
92
77
54
26
-5
-36
-63
-84
-95
-97
-88
-70
-43
-12
21
51
76
92
98
92
75
49
17
-17
-49
-75
-92
-97
-90
-71
-43
-9
26
58
82
95
96
83
58
26
-11
-46
-74
-92
-97
-87
-65
-32
5
41
72
91
97
87
63
30
-9
-46
-76
-93
-95
-82
-54
-18
22
58
84
96
91
70
36
-4
-44
-76
-94
-94
-78
-46
-6
35
70
91
95
80
50
9
-33
-69
-91
-95
-79
-47
-5
38
73
93
93
73
37
-7
-49
-81
-95
-88
-61
-20
25
65
90
94
76
40
-5
-49
-82
-95
-85
-54
-10
36
74
93
89
63
20
-28
-69
-92
-91
-66
-24
25
67
91
91
66
23
-26
-68
-92
-90
-62
-17
33
74
93
86
54
6
-44
-81
-94
-79
-40
11
59
89
91
66
20
-32
-75
-93
-82
-45
7
56
88
91
64
16
-37
-78
-93
-77
-34
20
67
92
84
48
-5
-57
-88
-89
-58
-6
48
85
91
64
13
-42
-82
-91
-67
-17
39
81
91
67
17
-40
-81
-91
-65
-13
44
83
90
60
6
-50
-86
-87
-52
5
59
89
82
40
-19
-70
-91
-73
-24
36
80
90
60
4
-54
-88
-83
-40
20
72
91
68
15
-46
-85
-85
-45
16
69
90
68
14
-47
-86
-83
-40
23
74
89
61
2
-58
-89
-75
-24
40
83
84
42
-21
-74
-88
-57
4
63
89
68
10
-52
-87
-75
-23
42
84
80
32
-33
-81
-83
-40
26
77
85
45
-21
-75
-86
-48
18
73
86
49
-17
-73
-86
-48
18
74
85
45
-22
-76
-84
-41
27
79
82
34
-35
-82
-78
-25
44
85
72
13
-54
-86
-64
0
64
86
52
-16
-74
-83
-37
34
82
75
18
-51
-86
-62
4
67
84
44
-27
-79
-76
-20
50
85
60
-8
-70
-82
-36
36
82
69
6
-62
-84
-45
27
79
73
13
-57
-84
-48
24
78
73
13
-57
-84
-46
27
79
70
7
-62
-82
-38
36
82
63
-6
-70
-78
-24
50
83
50
-24
-79
-69
-2
66
80
28
-47
-83
-50
25
79
66
-2
-69
-77
-20
54
82
39
-38
-81
-55
20
77
67
-2
-69
-75
-15
58
80
30
-47
-81
-43
35
81
53
-23
-78
-62
11
74
68
-1
-69
-73
-9
63
76
17
-58
-78
-23
53
79
29
-49
-80
-33
45
80
36
-43
-80
-38
41
80
40
-40
-79
-40
40
79
39
-41
-79
-37
43
79
34
-46
-78
-30
49
77
25
-54
-76
-19
58
74
11
-63
-70
-3
68
65
-7
-72
-59
18
75
51
-29
-77
-41
41
77
28
-52
-74
-14
62
68
-2
-70
-59
18
75
47
-35
-76
-30
50
73
12
-63
-65
9
72
51
-30
-76
-33
49
73
10
-64
-62
14
73
45
-38
-75
-22
58
67
-5
-71
-50
32
75
25
-55
-67
4
70
49
-34
-74
-22
58
64
-10
-72
-42
41
72
11
-64
-57
24
73
28
-53
-66
7
71
42
-42
-71
-6
66
51
-32
-72
-17
61
57
-23
-72
-24
57
61
-17
-72
-29
54
63
-14
-71
-30
52
63
-14
-71
-30
53
62
-16
-71
-26
55
59
-21
-71
-20
59
54
-28
-70
-11
64
47
-37
-67
0
68
36
-48
-62
15
70
22
-58
-52
31
68
4
-66
-38
47
61
-16
-69
-18
60
47
-38
-65
7
68
25
-56
-51
33
66
-2
-67
-28
55
52
-32
-66
3
67
25
-56
-49
36
63
-9
-67
-18
60
42
-43
-59
20
67
5
-64
-30
53
49
-35
-62
12
66
11
-62
-33
51
50
-33
-62
13
66
9
-63
-29
53
46
-39
-58
21
64
-2
-65
-17
60
34
-50
-48
36
58
-20
-63
3
64
14
-61
-29
53
42
-43
-52
30
59
-17
-63
2
63
12
-61
-25
56
36
-48
-46
39
53
-29
-58
18
62
-7
-63
-4
62
14
-59
-24
56
32
-51
-40
45
46
-38
-51
32
55
-25
-58
18
60
-11
-61
4
61
2
-61
-8
60
13
-59
-18
57
22
-56
-26
54
29
-52
-32
50
34
-48
-36
47
38
-45
-39
44
41
-43
-41
43
42
-42
-42
42
42
-42
-41
42
41
-43
-40
44
39
-45
-37
46
35
-47
-33
49
31
-50
-28
52
25
-53
-21
54
17
-56
-12
57
7
-57
-2
57
-4
-57
10
55
-16
-53
23
50
-29
-47
35
42
-41
-36
46
29
-50
-21
53
13
-55
-4
56
-6
-54
16
51
-25
-47
34
40
-42
-31
48
21
-53
-10
55
-2
-54
14
51
-26
-44
36
36
-45
-24
51
11
-54
3
53
-17
-48
30
40
-41
-28
49
14
-53
1
52
-17
-47
31
37
-43
-23
50
7
-53
10
49
-26
-40
40
26
-49
-9
52
-10
-48
27
38
-41
-23
50
4
-51
16
45
-33
-32
46
14
-51
7
48
-27
-37
42
19
-50
2
49
-24
-38
40
20
-49
2
48
-24
-37
41
18
-49
5
47
-27
-34
43
13
-49
12
43
-33
-27
46
3
-48
22
37
-40
-15
48
-10
-43
33
25
-46
0
46
-26
-32
43
8
-47
19
36
-40
-14
47
-14
-39
37
17
-47
10
41
-35
-19
46
-9
-41
34
20
-46
9
40
-34
-18
46
-11
-39
36
15
-46
15
36
-38
-11
45
-20
-32
41
4
-44
26
26
-44
4
40
-33
-17
45
-14
-34
39
7
-43
25
25
-43
6
38
-34
-13
44
-20
-29
41
-2
-39
32
15
-43
19
29
-41
3
39
-33
-12
43
-22
-26
42
-8
-35
36
6
-41
28
18
-42
17
29
-40
5
36
-35
-6
40
-28
-17
42
-19
-25
41
-10
-32
38
-1
-37
33
8
-40
27
15
-41
21
21
-41
15
27
-39
9
31
-37
4
34
-35
-1
36
-32
-6
38
-30
-9
38
-27
-13
39
-25
-15
39
-23
-17
39
-21
-18
39
-20
-19
39
-20
-19
39
-19
-19
39
-20
-19
38
-20
-17
38
-22
-16
38
-23
-14
37
-25
-11
36
-27
-8
35
-29
-4
34
-32
0
31
-34
5
28
-35
10
24
-36
16
19
-37
21
13
-36
26
7
-33
30
-1
-29
34
-9
-24
36
-16
-17
35
-24
-8
33
-30
1
28
-34
11
21
-35
20
12
-34
28
1
-29
33
-10
-21
35
-21
-10
32
-29
2
26
-34
15
16
-34
25
3
-28
32
-11
-18
34
-23
-5
29
-31
10
19
-33
23
5
-29
31
-11
-18
33
-24
-2
27
-32
14
14
-31
27
-3
-23
32
-19
-7
29
-30
10
16
-31
25
-1
-23
32
-19
-7
28
-30
12
13
-30
27
-6
-19
31
-23
0
23
-31
19
5
-26
30
-15
-9
27
-29
12
12
-28
27
-10
-14
29
-26
8
16
-29
25
-6
-16
29
-25
6
16
-29
25
-6
-16
29
-25
7
15
-28
26
-9
-13
27
-26
11
11
-26
27
-14
-7
24
-28
17
3
-22
28
-20
1
18
-28
23
-7
-13
26
-26
12
7
-23
27
-18
-1
19
-27
23
-7
-12
25
-26
14
4
-21
27
-21
5
13
-25
25
-14
-4
20
-27
21
-6
-12
24
-26
16
1
-17
26
-23
10
7
-21
26
-20
5
11
-23
25
-17
1
15
-24
24
-14
-2
17
-25
23
-12
-4
18
-25
22
-11
-5
18
-25
22
-11
-5
18
-24
22
-11
-4
17
-24
22
-13
-2
15
-23
23
-15
1
12
-22
24
-17
5
9
-20
24
-20
9
4
-16
23
-22
14
-2
-11
20
-23
18
-8
-5
16
-22
22
-14
3
10
-19
23
-20
11
1
-13
21
-22
18
-8
-4
15
-21
22
-16
6
5
-15
21
-21
15
-6
-6
15
-21
21
-16
6
5
-14
20
-21
17
-8
-2
12
-19
21
-18
11
-1
-9
17
-21
20
-14
6
4
-13
19
-21
18
-11
1
8
-16
20
-20
16
-8
-1
10
-17
20
-19
14
-7
-2
10
-17
20
-19
14
-7
-1
9
-16
19
-19
15
-9
1
7
-14
18
-19
17
-12
4
4
-11
16
-19
18
-15
9
-2
-6
12
-17
19
-18
14
-8
1
6
-12
17
-18
17
-14
9
-2
-5
11
-15
18
-18
15
-11
5
2
-8
13
-16
18
-17
14
-9
3
3
-9
13
-16
17
-16
13
-9
4
2
-8
12
-15
17
-17
15
-11
6
-1
-4
9
-13
16
-17
16
-14
10
-6
1
4
-9
12
-15
16
-16
14
-11
8
-3
-1
6
-10
13
-15
16
-16
14
-11
8
-4
-1
5
-9
12
-14
15
-15
15
-13
10
-7
3
1
-4
8
-11
13
-15
15
-15
14
-12
9
-6
3
1
-4
7
-10
12
-14
15
-15
14
-13
11
-8
6
-3
0
3
-6
9
-11
12
-14
14
-14
14
-13
11
-9
7
-4
2
1
-3
6
-8
10
-11
12
-13
14
-14
13
-12
11
-10
8
-6
4
-2
0
2
-4
6
-8
9
-10
11
-12
13
-13
13
-13
12
-12
11
-10
8
-7
5
-4
2
-1
-1
2
-4
5
-6
7
-8
9
-10
11
-11
12
-12
12
-12
12
-12
12
-11
11
-10
9
-9
8
-7
6
-5
5
-4
3
-2
1
0
-1
1
-2
3
-4
4
-5
5
-6
7
-7
7
-8
8
-9
9
-9
9
-10
10
-10
10
-10
10
-10
11
-11
11
-11
11
-11
11
-11
11
-11
11
-11
11
-11
11
-11
11
-11
11
-10
10
